              precision    recall  f1-score   support

           0       0.97      0.97      0.97      1372
           1       0.95      0.98      0.96      1568
           2       0.91      0.91      0.91      1413
           3       0.91      0.88      0.89      1401
           4       0.93      0.93      0.93      1415
           5       0.89      0.87      0.88      1236
           6       0.94      0.96      0.95      1385
           7       0.94      0.94      0.94      1524
           8       0.89      0.88      0.88      1333
           9       0.90      0.90      0.90      1353

    accuracy                           0.92     14000
   macro avg       0.92      0.92      0.92     14000
weighted avg       0.92      0.92      0.92     14000
