              precision    recall  f1-score   support

           0       0.97      1.00      0.98        30
           1       1.00      0.95      0.97        38
           2       0.94      1.00      0.97        32
           3       0.89      1.00      0.94        41
           4       1.00      0.97      0.99        37
           5       1.00      0.97      0.99        34
           6       1.00      0.93      0.96        29
           7       1.00      1.00      1.00        39
           8       0.97      0.89      0.93        37
           9       0.93      0.95      0.94        43

    accuracy                           0.97       360
   macro avg       0.97      0.97      0.97       360
weighted avg       0.97      0.97      0.97       360
